
# FTP Control (21/TCP)
tcp_21:[85,83,69,82,32,97,110,111,110,121,109,111,117,115,13,10]
# SSH (22/TCP)
tcp_22:[83,83,72,45,50,46,48,45,79,112,101,110,83,83,72,95,56,46,49,13,10]
# Telnet (23/TCP)
tcp_23:[255,251,31,255,251,32,255,251,24,255,251,39]
# SMTP (25/TCP)
tcp_25:[69,72,76,79,32,116,101,115,116,46,99,111,109,13,10]
# TACACS (49/TCP)
tcp_49:[193,1,1,1,0,0,0,12,0,0,0,0]
# HTTP (80/TCP)
tcp_80:[72,69,65,68,32,47,32,72,84,84,80,47,49,46,48,13,10,13,10]
# POP3 (110/TCP)
tcp_110:[67,65,80,65,13,10]
# BGP (179/TCP)
tcp_179:[255,255,255,255,255,255,255,255,255,255,255,255,255,255,255,255,0,29,1,4,0,0,0,0]
# IMAP (220/TCP)
tcp_220:[65,48,48,49,32,67,65,80,65,66,73,76,73,84,89,13,10]
# LDAP (389/TCP)
tcp_389:[48,12,2,1,1,96,7,2,1,3,4,0,128,0,0]
# HTTPS (443/TCP)
tcp_443:[22,3,1,0,45,1,0,0,41,3,3,0,1,2,3,4,5,6,7,8,9,10,11,12,13,14,15,0,1,2,3,4,5,6,7,8,9,10,11,12,13,14,15,0,0,2,0,156,0,0]
# IMAPS (993/TCP)
tcp_993:[22,3,1,0,45,1,0,0,41,3,3,0,1,2,3,4,5,6,7,8,9,10,11,12,13,14,15,0,1,2,3,4,5,6,7,8,9,10,11,12,13,14,15,0,0,2,0,156,0,0]
# POP3S (995/TCP)
tcp_995:[22,3,1,0,45,1,0,0,41,3,3,0,1,2,3,4,5,6,7,8,9,10,11,12,13,14,15,0,1,2,3,4,5,6,7,8,9,10,11,12,13,14,15,0,0,2,0,156,0,0]
# MySQL (3306/TCP)
tcp_3306:[85,0,0,1,11,52,46,49,46,48]
# PostgreSQL (5432/TCP)
tcp_5432:[0,0,0,8,4,210,22,47]
# HTTP Alternative (8080/TCP)
tcp_8080:[72,69,65,68,32,47,32,72,84,84,80,47,49,46,48,13,10,13,10]
# IRC (6446/TCP)
tcp_6446=[67,65,80,32,76,83,13,10]

# DNS (53/UDP)
udp_53:[0,1,1,0,0,1,0,0,0,0,0,0,3,119,119,119,6,103,111,111,103,108,101,3,99,111,109,0,0,1,0,1]
# NTP (123/UDP)
udp_123:[227,0,4,0,0,0,0,0,0,0,0,0]
# DHCPv6 (547/UDP)
udp_547:[3,0,0,0,0,8,0,2,0,0]
# OpenVPN (1194/UDP)
udp_1194:[38,0,0,0,0,0,0,0,0]
# SIP (5060/UDP)
udp_5060:[79,80,84,73,79,78,83,32,115,105,112,58,108,111,99,97,108,104,111,115,116,32,83,73,80,47,50,46,48,13,10,86,105,97,58,32,83,73,80,47,50,46,48,47,85,68,80,32,108,111,99,97,108,104,111,115,116,13,10,70,114,111,109,58,32,115,105,112,116,101,115,116,64,108,111,99,97,108,104,111,115,116,13,10,84,111,58,32,115,105,112,116,101,115,116,64,108,111,99,97,108,104,111,115,116,13,10,67,97,108,108,45,73,68,58,32,49,50,51,52,64,108,111,99,97,108,104,111,115,116,13,10,67,83,101,113,58,32,49,32,79,80,84,73,79,78,83,13,10,77,97,120,45,70,111,114,119,97,114,100,115,58,32,55,48,13,10,67,111,110,116,101,110,116,45,76,101,110,103,116,104,58,32,48,13,10,13,10]
# SIP/TLS (5061/UDP)
udp_5061:[79,80,84,73,79,78,83,32,115,105,112,115,58,108,111,99,97,108,104,111,115,116,32,83,73,80,47,50,46,48,13,10,86,105,97,58,32,83,73,80,47,50,46,48,47,85,68,80,32,108,111,99,97,108,104,111,115,116,13,10,70,114,111,109,58,32,115,105,112,116,101,115,116,64,108,111,99,97,108,104,111,115,116,13,10,84,111,58,32,115,105,112,116,101,115,116,64,108,111,99,97,108,104,111,115,116,13,10,67,97,108,108,45,73,68,58,32,49,50,51,52,64,108,111,99,97,108,104,111,115,116,13,10,67,83,101,113,58,32,49,32,79,80,84,73,79,78,83,13,10,77,97,120,45,70,111,114,119,97,114,100,115,58,32,55,48,13,10,67,111,110,116,101,110,116,45,76,101,110,103,116,104,58,32,48,13,10,13,10]